2 
2 
2 
3 
3 
4 
4 
3 
3 
2 
2 
2 
2 
3 
3 
3 
3 
3 
3 
2 
1 
0 
0 
0 
0 
0 
0 
0 
0 
0 
0 
1 
2 
3 
3 
3 
3 
3 
3 
3 
3 
2 
2 
2 
2 
3 
3 
3 
3 
2 
2 
2 
2 
3 
3 
2 
2 
1 
1 
1 
1 
0 
0 
1 
1 
2 
2 
1 
1 
0 
0 
1 
2 
3 
3 
3 
3 
4 
4 
4 
4 
5 
4 
3 
2 
1 
1 
1 
1 
0 
2 
4 
6 
9 
11 
14 
17 
20 
22 
24 
26 
28 
29 
31 
33 
35 
38 
41 
44 
48 
49 
50 
51 
53 
55 
58 
61 
64 
67 
71 
75 
79 
80 
82 
83 
85 
88 
92 
96 
100 
102 
105 
107 
110 
111 
113 
114 
116 
120 
124 
128 
132 
134 
137 
139 
142 
144 
146 
148 
150 
152 
155 
157 
160 
161 
162 
163 
165 
167 
170 
173 
176 
178 
180 
182 
184 
186 
189 
191 
194 
194 
195 
196 
197 
198 
200 
201 
203 
204 
205 
206 
208 
208 
209 
210 
211 
212 
213 
214 
215 
217 
219 
221 
223 
223 
223 
223 
223 
224 
226 
228 
230 
230 
231 
232 
233 
233 
234 
235 
236 
236 
237 
237 
238 
239 
241 
242 
244 
244 
244 
244 
245 
245 
246 
246 
247 
247 
247 
247 
248 
249 
250 
251 
253 
253 
254 
254 
255 
255 
255 
255 
255 
255 
255 
255 
255 
255 
255 
255 
255 
255 
255 
255 
255 
255 
255 
