0 
2 
0 
0 
0 
4 
0 
0 
0 
2 
0 
0 
0 
3 
0 
0 
0 
3 
0 
0 
0 
0 
0 
0 
0 
0 
0 
0 
0 
0 
0 
0 
0 
3 
0 
0 
0 
3 
0 
0 
0 
2 
0 
0 
0 
3 
0 
0 
0 
2 
0 
0 
0 
3 
0 
0 
0 
1 
0 
0 
0 
0 
0 
0 
0 
2 
0 
0 
0 
0 
0 
0 
0 
3 
0 
0 
0 
4 
0 
0 
0 
5 
0 
0 
0 
1 
0 
0 
0 
0 
0 
0 
0 
9 
0 
0 
0 
20 
0 
0 
0 
28 
0 
0 
0 
35 
0 
0 
0 
48 
0 
0 
0 
53 
0 
0 
0 
64 
0 
0 
0 
79 
0 
0 
0 
85 
0 
0 
0 
100 
0 
0 
0 
110 
0 
0 
0 
116 
0 
0 
0 
132 
0 
0 
0 
142 
0 
0 
0 
150 
0 
0 
0 
160 
0 
0 
0 
165 
0 
0 
0 
176 
0 
0 
0 
184 
0 
0 
0 
194 
0 
0 
0 
197 
0 
0 
0 
203 
0 
0 
0 
208 
0 
0 
0 
211 
0 
0 
0 
215 
0 
0 
0 
223 
0 
0 
0 
223 
0 
0 
0 
230 
0 
0 
0 
233 
0 
0 
0 
236 
0 
0 
0 
238 
0 
0 
0 
244 
0 
0 
0 
245 
0 
0 
0 
247 
0 
0 
0 
248 
0 
0 
0 
253 
0 
0 
0 
255 
0 
0 
0 
255 
0 
0 
0 
255 
0 
0 
0 
255 
0 
0 
0 
255 
0 
0 
