2 
2 
3 
4 
5 
7 
8 
9 
10 
11 
12 
13 
14 
16 
17 
19 
20 
22 
22 
23 
23 
24 
25 
27 
28 
30 
30 
31 
32 
33 
34 
35 
36 
37 
38 
40 
41 
43 
43 
44 
45 
46 
46 
47 
48 
49 
50 
51 
52 
54 
55 
56 
57 
58 
59 
60 
61 
62 
63 
64 
65 
66 
67 
68 
69 
70 
71 
72 
73 
74 
76 
78 
80 
82 
83 
84 
85 
86 
87 
89 
90 
92 
92 
93 
94 
95 
96 
97 
98 
100 
101 
103 
104 
106 
107 
109 
111 
113 
113 
114 
114 
115 
116 
118 
120 
122 
123 
125 
126 
128 
129 
130 
131 
132 
133 
134 
135 
137 
139 
142 
145 
148 
148 
148 
148 
148 
149 
150 
151 
153 
154 
155 
156 
157 
159 
161 
163 
165 
166 
168 
169 
171 
171 
172 
173 
174 
175 
176 
177 
178 
180 
182 
184 
186 
186 
186 
186 
187 
188 
190 
191 
193 
194 
195 
196 
197 
199 
201 
203 
205 
205 
205 
205 
206 
207 
208 
209 
211 
212 
213 
214 
215 
216 
217 
218 
219 
219 
220 
221 
222 
223 
225 
227 
229 
229 
229 
229 
230 
231 
233 
234 
236 
236 
237 
237 
238 
239 
241 
242 
244 
244 
245 
245 
246 
248 
250 
252 
254 
254 
254 
254 
255 
255 
255 
255 
255 
255 
255 
255 
255 
255 
255 
255 
255 
255 
255 
255 
255 
255 
255 
255 
255 
255 
255 
255 
255 
255 
255 
255 
255 
255 
255 
255 
255 
255 
255 
