0 
2 
0 
0 
0 
7 
0 
0 
0 
11 
0 
0 
0 
16 
0 
0 
0 
22 
0 
0 
0 
24 
0 
0 
0 
30 
0 
0 
0 
33 
0 
0 
0 
37 
0 
0 
0 
43 
0 
0 
0 
46 
0 
0 
0 
49 
0 
0 
0 
54 
0 
0 
0 
58 
0 
0 
0 
62 
0 
0 
0 
66 
0 
0 
0 
70 
0 
0 
0 
74 
0 
0 
0 
82 
0 
0 
0 
86 
0 
0 
0 
92 
0 
0 
0 
95 
0 
0 
0 
100 
0 
0 
0 
106 
0 
0 
0 
113 
0 
0 
0 
115 
0 
0 
0 
122 
0 
0 
0 
128 
0 
0 
0 
132 
0 
0 
0 
137 
0 
0 
0 
148 
0 
0 
0 
148 
0 
0 
0 
153 
0 
0 
0 
157 
0 
0 
0 
165 
0 
0 
0 
171 
0 
0 
0 
174 
0 
0 
0 
178 
0 
0 
0 
186 
0 
0 
0 
187 
0 
0 
0 
193 
0 
0 
0 
197 
0 
0 
0 
205 
0 
0 
0 
206 
0 
0 
0 
211 
0 
0 
0 
215 
0 
0 
0 
219 
0 
0 
0 
222 
0 
0 
0 
229 
0 
0 
0 
230 
0 
0 
0 
236 
0 
0 
0 
238 
0 
0 
0 
244 
0 
0 
0 
246 
0 
0 
0 
254 
0 
0 
0 
255 
0 
0 
0 
255 
0 
0 
0 
255 
0 
0 
0 
255 
0 
0 
0 
255 
0 
0 
0 
255 
0 
0 
0 
255 
0 
0 
0 
255 
0 
0 
0 
255 
0 
0 
