2 
2 
4 
6 
8 
11 
11 
12 
13 
14 
15 
16 
17 
18 
20 
22 
24 
27 
27 
28 
29 
30 
31 
32 
33 
35 
36 
38 
40 
42 
44 
46 
48 
50 
51 
52 
53 
55 
56 
57 
58 
59 
60 
62 
64 
66 
67 
68 
69 
70 
72 
74 
76 
79 
81 
83 
85 
88 
89 
91 
93 
95 
97 
100 
102 
105 
107 
109 
111 
113 
115 
118 
120 
123 
125 
128 
130 
133 
135 
137 
139 
142 
143 
145 
146 
148 
149 
151 
152 
154 
156 
158 
160 
162 
163 
165 
167 
169 
169 
170 
171 
172 
173 
175 
177 
179 
181 
183 
185 
187 
187 
188 
188 
189 
190 
192 
193 
195 
195 
196 
197 
198 
198 
198 
198 
199 
200 
201 
202 
204 
205 
206 
207 
208 
208 
209 
210 
211 
212 
213 
214 
216 
216 
216 
216 
217 
217 
218 
218 
219 
220 
221 
222 
223 
223 
223 
223 
222 
223 
224 
225 
226 
226 
227 
228 
229 
230 
231 
232 
233 
233 
233 
233 
233 
233 
233 
233 
234 
234 
234 
234 
235 
235 
235 
235 
236 
236 
236 
236 
237 
237 
238 
239 
240 
240 
240 
240 
239 
240 
241 
242 
243 
243 
242 
242 
241 
241 
242 
243 
244 
244 
244 
244 
245 
245 
246 
247 
248 
248 
248 
248 
248 
248 
248 
248 
248 
248 
248 
248 
248 
248 
248 
248 
249 
249 
249 
249 
250 
250 
250 
250 
250 
250 
250 
250 
250 
250 
250 
250 
250 
250 
250 
250 
250 
250 
250 
