0 
2 
0 
0 
0 
11 
0 
0 
0 
14 
0 
0 
0 
18 
0 
0 
0 
27 
0 
0 
0 
30 
0 
0 
0 
35 
0 
0 
0 
42 
0 
0 
0 
50 
0 
0 
0 
55 
0 
0 
0 
59 
0 
0 
0 
66 
0 
0 
0 
70 
0 
0 
0 
79 
0 
0 
0 
88 
0 
0 
0 
95 
0 
0 
0 
105 
0 
0 
0 
113 
0 
0 
0 
123 
0 
0 
0 
133 
0 
0 
0 
142 
0 
0 
0 
148 
0 
0 
0 
154 
0 
0 
0 
162 
0 
0 
0 
169 
0 
0 
0 
172 
0 
0 
0 
179 
0 
0 
0 
187 
0 
0 
0 
189 
0 
0 
0 
195 
0 
0 
0 
198 
0 
0 
0 
199 
0 
0 
0 
204 
0 
0 
0 
208 
0 
0 
0 
211 
0 
0 
0 
216 
0 
0 
0 
217 
0 
0 
0 
219 
0 
0 
0 
223 
0 
0 
0 
222 
0 
0 
0 
226 
0 
0 
0 
229 
0 
0 
0 
233 
0 
0 
0 
233 
0 
0 
0 
234 
0 
0 
0 
235 
0 
0 
0 
236 
0 
0 
0 
237 
0 
0 
0 
240 
0 
0 
0 
239 
0 
0 
0 
243 
0 
0 
0 
241 
0 
0 
0 
244 
0 
0 
0 
245 
0 
0 
0 
248 
0 
0 
0 
248 
0 
0 
0 
248 
0 
0 
0 
248 
0 
0 
0 
249 
0 
0 
0 
250 
0 
0 
0 
250 
0 
0 
0 
250 
0 
0 
0 
250 
0 
0 
0 
250 
0 
0 
